0.40145985401459855
0.3007518796992481
0.2803030303030303
0.35507246376811596
0.20610687022900764
0.4639175257731959
0.6435643564356436
0.30708661417322836
0.2534246575342466
0.3805309734513274
0.3602941176470588
1.0
1.0
0.9791666666666666
1.0
1.0
0.989010989010989
1.0
0.9782608695652174
1.0
0.9795918367346939
0.9882352941176471
0.9782608695652174
0.9775280898876404
0.21518987341772153
0.5135135135135135
0.2677165354330709
0.2808219178082192
0.3262411347517731
0.4083333333333333
0.2556390977443609
0.5377358490566038
0.27586206896551724
0.2857142857142857
0.19166666666666668
0.19708029197080293
0.2689655172413793
0.22137404580152673
0.5145631067961165
0.2482758620689655
0.2978723404255319
0.27049180327868855
0.17391304347826086
0.3014705882352941
0.22962962962962963
0.2518518518518518
0.28346456692913385
0.2206896551724138
0.27692307692307694
0.2635135135135135
0.24444444444444444
0.2361111111111111
0.24817518248175183
0.2890625
0.2112676056338028
0.2740740740740741
0.20437956204379562
0.24203821656050956
0.30714285714285716
0.2980132450331126
0.23015873015873015
0.24031007751937986
0.203125
0.22077922077922077
0.21678321678321677
0.1891891891891892
0.26229508196721313
0.18181818181818182
0.22297297297297297
0.36879432624113473
0.21935483870967742
0.24489795918367346
0.21518987341772153
0.2465753424657534
0.4649122807017544
0.3937007874015748
0.2689655172413793
0.25517241379310346
0.17391304347826086
0.2898550724637681
0.23134328358208955
0.2631578947368421
0.28346456692913385
0.2206896551724138
0.27692307692307694
0.2635135135135135
0.24444444444444444
0.2361111111111111
0.24817518248175183
0.2890625
0.20833333333333334
0.2642857142857143
0.19858156028368795
0.32432432432432434
0.25
0.20300751879699247
0.2662337662337662
0.33098591549295775
0.28776978417266186
0.25517241379310346
0.21830985915492956
0.22818791946308725
0.5773195876288659
0.26573426573426573
0.4
0.33858267716535434
0.2357142857142857
0.25675675675675674
0.2571428571428571
0.5816326530612245
0.26717557251908397
0.2706766917293233
0.19230769230769232
0.19727891156462585
0.31851851851851853
0.20915032679738563
0.3013698630136986
0.2916666666666667
0.2631578947368421
0.2
0.2846715328467153
0.23134328358208955
0.2631578947368421
0.28346456692913385
0.2206896551724138
0.27692307692307694
0.2635135135135135
0.24444444444444444
0.2361111111111111
0.24817518248175183
0.2890625
0.2112676056338028
0.2740740740740741
0.19858156028368795
0.22297297297297297
0.2900763358778626
0.3037037037037037
0.20833333333333334
0.22580645161290322
0.27702702702702703
0.36220472440944884
0.2773722627737226
0.3333333333333333
0.3013698630136986
0.3014705882352941
0.2413793103448276
0.3951612903225806
0.5980392156862745
1.0
0.5929203539823009
0.9761904761904762
0.84
0.4180327868852459
0.41353383458646614
0.9885057471264368
0.9801980198019802
0.9803921568627451
0.9883720930232558
0.9888888888888889
0.9896907216494846
0.8658536585365854
0.5794392523364486
0.9791666666666666
0.34615384615384615
0.2585034013605442
0.2992125984251969
0.3082706766917293
0.44696969696969696
0.3409090909090909
0.5041322314049587
0.2396694214876033
0.4418604651162791
0.23376623376623376
0.375
0.23684210526315788
0.2898550724637681
0.3203125
0.3076923076923077
0.43478260869565216
0.18548387096774194
0.2517985611510791
0.19205298013245034
0.2222222222222222
0.24822695035460993
0.18382352941176472
0.2032520325203252
0.25170068027210885
0.23308270676691728
0.19047619047619047
0.2846715328467153
0.23134328358208955
0.24489795918367346
0.28346456692913385
0.2206896551724138
0.27692307692307694
0.2635135135135135
0.24444444444444444
0.2361111111111111
0.24817518248175183
0.2890625
0.2127659574468085
0.2642857142857143
0.22137404580152673
0.21604938271604937
0.24489795918367346
0.23870967741935484
0.2
0.20408163265306123
0.21333333333333335
0.23076923076923078
0.23529411764705882
0.22695035460992907
0.30708661417322836
0.2
0.2517985611510791
0.25735294117647056
0.3111111111111111
0.2727272727272727
0.25170068027210885
0.23448275862068965
0.3283582089552239
0.3108108108108108
0.32575757575757575
0.2727272727272727
0.26666666666666666
0.2357142857142857
0.41044776119402987
0.5555555555555556
0.4580152671755725
0.2890625
0.3700787401574803
0.3055555555555556
0.3700787401574803
0.3055555555555556
0.183206106870229
0.1984126984126984
0.20253164556962025
0.2116788321167883
0.19166666666666668
0.2740740740740741
0.22666666666666666
0.22666666666666666
0.19047619047619047
0.2846715328467153
0.23484848484848486
0.24489795918367346
0.28346456692913385
0.2206896551724138
0.27692307692307694
0.2635135135135135
0.24444444444444444
0.2361111111111111
0.24817518248175183
0.2890625
0.2127659574468085
0.2642857142857143
0.5401459854014599
0.23648648648648649
0.3
0.2589928057553957
0.296
0.22727272727272727
0.5401459854014599
0.3262411347517731
0.3140495867768595
0.28776978417266186
0.2620689655172414
0.2198581560283688
0.32
0.291044776119403
0.24615384615384617
0.2867647058823529
0.5
0.36231884057971014
0.3114754098360656
0.68
0.20394736842105263
0.36507936507936506
0.31746031746031744
0.3880597014925373
0.26618705035971224
0.31451612903225806
0.3828125
0.34558823529411764
0.2898550724637681
0.375
0.3037037037037037
1.0
0.9759036144578314
1.0
0.9789473684210527
1.0
0.9789473684210527
0.9361702127659575
0.974025974025974
1.0
0.9895833333333334
0.9871794871794872
0.9787234042553191
0.9894736842105263
1.0
0.9886363636363636
0.978494623655914
0.9789473684210527
0.9789473684210527
1.0
1.0
1.0
0.9876543209876543
0.9894736842105263
0.9896907216494846
0.9876543209876543
0.9789473684210527
1.0
1.0
1.0
0.9795918367346939
0.9791666666666666
0.9770114942528736
0.9885057471264368
0.9795918367346939
0.9895833333333334
0.98
0.975609756097561
0.9770114942528736
1.0
0.5511811023622047
0.6947368421052632
1.0
0.8924731182795699
0.9879518072289156
0.2536231884057971
0.30201342281879195
0.2532467532467532
0.26973684210526316
0.38636363636363635
0.291970802919708
0.6161616161616161
0.4090909090909091
0.4122137404580153
0.4596774193548387
1.0
0.7647058823529411
0.9879518072289156
0.8928571428571429
0.9894736842105263
0.9896907216494846
0.9876543209876543
0.9789473684210527
1.0
1.0
1.0
0.9795918367346939
0.900990099009901
0.9775280898876404
0.9247311827956989
0.33663366336633666
0.6470588235294118
0.5047619047619047
0.6386554621848739
0.43902439024390244
0.5041322314049587
0.576271186440678
0.7956989247311828
0.28169014084507044
0.5773195876288659
0.2826086956521739
0.4649122807017544
0.3006993006993007
0.23308270676691728
0.25
0.25170068027210885
0.5816326530612245
0.2805755395683453
0.3017241379310345
0.3548387096774194
0.30656934306569344
0.3111111111111111
0.27941176470588236
0.5
0.3382352941176471
0.3051948051948052
0.8
0.7722772277227723
0.9879518072289156
0.8928571428571429
0.9894736842105263
0.9896907216494846
0.9876543209876543
0.9789473684210527
1.0
1.0
1.0
0.9795918367346939
0.9791666666666666
0.9770114942528736
0.9247311827956989
0.2191780821917808
0.2605633802816901
0.31496062992125984
0.21052631578947367
0.4461538461538462
0.28187919463087246
0.37168141592920356
0.29133858267716534
0.36752136752136755
0.28289473684210525
0.35772357723577236
0.2534246575342466
0.4649122807017544
0.7872340425531915
0.788235294117647
0.3142857142857143
0.40625
0.43119266055045874
0.3937007874015748
0.23448275862068965
0.2196969696969697
0.2389937106918239
0.36054421768707484
0.19047619047619047
0.2578125
0.2602739726027397
0.3951612903225806
0.3157894736842105
0.3695652173913043
0.4166666666666667
0.2727272727272727
0.2571428571428571
0.352
0.3356164383561644
0.3409090909090909
0.6435643564356436
0.31496062992125984
0.3602941176470588
0.2550335570469799
0.35036496350364965
0.2534246575342466
0.24161073825503357
0.36363636363636365
0.38571428571428573
0.43478260869565216
0.5588235294117647
0.5431034482758621
0.2746478873239437
0.3826086956521739
0.603448275862069
0.7241379310344828
0.813953488372093
0.9191919191919192
0.9529411764705882
1.0
0.7722772277227723
0.9186046511627907
0.9878048780487805
0.9587628865979382
0.93
0.9876543209876543
0.9789473684210527
1.0
1.0
1.0
0.9795918367346939
0.8712871287128713
0.9775280898876404
0.2553191489361702
0.22085889570552147
0.26143790849673204
0.3381294964028777
0.24675324675324675
0.19727891156462585
0.23648648648648649
0.2706766917293233
0.26666666666666666
0.1935483870967742
0.2642857142857143
0.29411764705882354
0.4015748031496063
0.30952380952380953
0.35964912280701755
0.29605263157894735
0.2746478873239437
0.21153846153846154
0.4453125
0.31297709923664124
0.40298507462686567
0.37404580152671757
0.30434782608695654
0.31756756756756754
0.41044776119402987
0.6538461538461539
0.42857142857142855
0.35294117647058826
0.3120567375886525
0.4418604651162791
0.3120567375886525
0.4418604651162791
0.8651685393258427
0.6666666666666666
1.0
0.8351648351648352
0.5757575757575758
0.5128205128205128
0.4573643410852713
0.34375
1.0
0.7722772277227723
0.8620689655172413
0.9878048780487805
0.9587628865979382
0.93
0.9876543209876543
0.9789473684210527
1.0
1.0
1.0
0.9795918367346939
0.8712871287128713
0.9775280898876404
0.5251798561151079
0.25
0.3046875
0.25517241379310346
0.28346456692913385
0.2483221476510067
0.5251798561151079
0.375
0.36666666666666664
0.23648648648648649
0.2827586206896552
0.29931972789115646
0.3333333333333333
0.5784313725490197
0.2890625
0.4262295081967213
0.4260869565217391
0.4
0.3217391304347826
0.5714285714285714
0.19594594594594594
0.37398373983739835
0.3865546218487395
0.48695652173913045
0.23448275862068965
0.319672131147541
0.3237410071942446
0.3515625
0.3671875
0.35074626865671643
0.2805755395683453
0.544
0.5596330275229358
0.3
0.55
0.30612244897959184
0.4608695652173913
0.2517985611510791
0.5728155339805825
0.5354330708661418
0.38235294117647056
0.9871794871794872
0.9157894736842105
0.9894736842105263
0.4897959183673469
0.7040816326530612
0.3357142857142857
0.375886524822695
0.3880597014925373
0.8
0.7676767676767676
1.0
0.9036144578313253
0.9894736842105263
0.9896907216494846
0.9876543209876543
0.9789473684210527
1.0
1.0
1.0
0.9795918367346939
0.9191919191919192
0.9770114942528736
0.9230769230769231
0.3448275862068966
0.2814814814814815
0.30985915492957744
0.2152777777777778
0.2857142857142857
0.2153846153846154
0.94
0.9775280898876404
1.0
0.9775280898876404
0.9879518072289156
0.9479166666666666
0.979381443298969
0.979381443298969
0.9787234042553191
0.9795918367346939
0.9775280898876404
0.9883720930232558
0.9893617021276596
0.978494623655914
0.9883720930232558
0.8
0.9347826086956522
0.9879518072289156
0.9871794871794872
0.9894736842105263
0.9896907216494846
0.9876543209876543
0.9789473684210527
1.0
1.0
1.0
0.9795918367346939
0.979381443298969
0.9775280898876404
0.9888888888888889
1.0
0.8064516129032258
0.5813953488372093
0.536
0.3546099290780142
0.40476190476190477
0.5677966101694916
0.7526881720430108
0.2517482517482518
0.4365079365079365
0.23809523809523808
0.3467741935483871
0.27941176470588236
0.23076923076923078
0.23809523809523808
0.25
0.4263565891472868
0.3088235294117647
0.2537313432835821
0.31007751937984496
0.30656934306569344
0.2808219178082192
0.3524590163934426
0.34074074074074073
0.29577464788732394
0.4846153846153846
1.0
1.0
0.9879518072289156
0.9871794871794872
0.9894736842105263
0.9896907216494846
0.9876543209876543
0.9789473684210527
1.0
1.0
1.0
0.9795918367346939
0.9191919191919192
0.9770114942528736
0.9888888888888889
0.23129251700680273
0.2550335570469799
0.2932330827067669
0.19607843137254902
0.26618705035971224
0.26618705035971224
0.47863247863247865
0.28125
0.3
0.25
0.2814814814814815
0.302158273381295
0.37209302325581395
0.7263157894736842
0.8888888888888888
0.5929203539823009
0.9761904761904762
0.9855072463768116
0.5045871559633027
0.4166666666666667
0.9885057471264368
0.9047619047619048
0.9803921568627451
0.9883720930232558
0.77
0.9896907216494846
0.9875
0.9772727272727273
1.0
0.4435483870967742
0.2978723404255319
0.2571428571428571
0.42424242424242425
0.32867132867132864
0.36231884057971014
0.4915254237288136
0.2518518518518518
0.3333333333333333
0.3709677419354839
0.2890625
0.24161073825503357
0.24161073825503357
0.4444444444444444
0.3246753246753247
0.375
0.5588235294117647
0.5172413793103449
0.32592592592592595
0.41284403669724773
0.7075471698113207
0.8289473684210527
0.813953488372093
0.9191919191919192
0.49038461538461536
1.0
1.0
0.9186046511627907
0.9156626506024096
0.9587628865979382
0.93
0.9876543209876543
0.9789473684210527
1.0
1.0
1.0
0.9795918367346939
0.8712871287128713
0.9775280898876404
0.29577464788732394
0.75
0.968421052631579
0.5932203389830508
0.2482758620689655
0.2635135135135135
0.36220472440944884
0.36363636363636365
0.3548387096774194
0.2361111111111111
0.2642857142857143
0.2
0.36065573770491804
0.29545454545454547
0.3053435114503817
0.3591549295774648
0.2348993288590604
0.23809523809523808
0.42424242424242425
0.28104575163398693
0.35384615384615387
0.3492063492063492
0.2867647058823529
0.3146853146853147
0.43410852713178294
0.6568627450980392
0.4566929133858268
0.2846153846153846
0.44
0.35074626865671643
0.44
0.35074626865671643
0.8651685393258427
0.6893203883495146
1.0
0.49122807017543857
0.5757575757575758
0.48739495798319327
0.3881578947368421
0.4274193548387097
1.0
1.0
0.8620689655172413
0.9156626506024096
0.9587628865979382
0.93
0.9876543209876543
0.9789473684210527
1.0
1.0
1.0
0.9795918367346939
0.8712871287128713
0.9775280898876404
0.6015037593984962
0.37398373983739835
0.27631578947368424
0.34814814814814815
0.2661290322580645
0.34558823529411764
0.6015037593984962
0.36496350364963503
0.35714285714285715
0.35766423357664234
0.26573426573426573
0.24666666666666667
0.3220338983050847
0.373015873015873
0.2357142857142857
0.3484848484848485
0.40336134453781514
0.34306569343065696
0.35833333333333334
0.6470588235294118
0.2108843537414966
0.3902439024390244
0.3333333333333333
0.3671875
0.25190839694656486
0.3492063492063492
0.35384615384615387
0.34057971014492755
0.3076923076923077
0.37209302325581395
0.2857142857142857
0.3358208955223881
0.5892857142857143
0.2553191489361702
0.3235294117647059
0.2987012987012987
0.41818181818181815
0.2642857142857143
0.6138613861386139
0.6752136752136753
0.4690265486725664
0.4
0.5486725663716814
0.9894736842105263
0.5188679245283019
0.6407766990291263
0.2482758620689655
0.4296875
0.39097744360902253
0.8
0.7676767676767676
1.0
0.9036144578313253
0.9894736842105263
0.9896907216494846
0.9876543209876543
0.9789473684210527
1.0
1.0
1.0
0.9795918367346939
0.9791666666666666
0.9770114942528736
0.9230769230769231
0.32167832167832167
0.2814814814814815
0.33112582781456956
0.23958333333333334
0.31297709923664124
0.3770491803278688
0.8037383177570093
0.4628099173553719
0.48214285714285715
0.45454545454545453
0.9879518072289156
0.2463768115942029
0.33793103448275863
0.21935483870967742
0.24675324675324675
0.3381294964028777
0.2589928057553957
0.48214285714285715
0.3953488372093023
0.456
0.3142857142857143
0.8
0.9347826086956522
0.9879518072289156
0.9871794871794872
0.9894736842105263
0.9896907216494846
0.9876543209876543
0.9789473684210527
1.0
1.0
1.0
0.9795918367346939
0.900990099009901
0.9775280898876404
0.9888888888888889
0.43137254901960786
1.0
1.0
0.9795918367346939
0.979381443298969
0.9886363636363636
0.9893617021276596
0.9759036144578314
1.0
0.9887640449438202
0.989247311827957
0.9887640449438202
0.9789473684210527
0.9777777777777777
0.9775280898876404
0.978021978021978
0.989010989010989
0.9782608695652174
0.9767441860465116
0.9736842105263158
0.9797979797979798
0.9896907216494846
0.9891304347826086
0.9807692307692307
0.9787234042553191
0.9797979797979798
1.0
1.0
0.9879518072289156
0.9871794871794872
0.9894736842105263
0.9896907216494846
0.9876543209876543
0.9789473684210527
1.0
1.0
1.0
0.9795918367346939
0.9791666666666666
0.9770114942528736
0.9888888888888889
0.2789115646258503
0.34782608695652173
0.31386861313868614
0.20125786163522014
0.26666666666666666
0.3359375
0.36363636363636365
0.296875
0.3582089552238806
0.25806451612903225
0.34782608695652173
0.2550335570469799
0.4387755102040816
0.7941176470588235
0.6063829787234043
0.5929203539823009
0.9761904761904762
0.6329113924050633
0.42718446601941745
0.41353383458646614
0.9885057471264368
0.8691588785046729
0.7033898305084746
0.9883720930232558
0.79
0.93
0.6292134831460674
0.5794392523364486
1.0
0.8080808080808081
0.2857142857142857
0.3511450381679389
0.39097744360902253
0.33088235294117646
0.34057971014492755
0.5420560747663551
0.27906976744186046
0.3333333333333333
0.41739130434782606
0.2689655172413793
0.2482758620689655
0.2684563758389262
0.3875968992248062
0.3333333333333333
0.40425531914893614
0.43636363636363634
0.4793388429752066
0.31343283582089554
0.40816326530612246
0.7142857142857143
0.3904761904761905
0.41818181818181815
0.819047619047619
0.6666666666666666
1.0
1.0
0.9186046511627907
0.9156626506024096
0.9587628865979382
0.93
0.9876543209876543
0.9789473684210527
1.0
1.0
1.0
0.9795918367346939
0.8712871287128713
0.9775280898876404
0.25925925925925924
0.23225806451612904
0.26143790849673204
0.3262411347517731
0.1910828025477707
0.16447368421052633
0.22377622377622378
0.2671232876712329
0.25
0.2916666666666667
0.35555555555555557
0.2
0.36220472440944884
0.2868217054263566
0.2517482517482518
0.5590551181102362
0.34285714285714286
0.49606299212598426
0.5378151260504201
0.2987012987012987
0.34558823529411764
0.33587786259541985
0.2684563758389262
0.3006993006993007
0.4523809523809524
0.5803571428571429
0.49193548387096775
0.2619047619047619
0.38461538461538464
0.34306569343065696
0.38461538461538464
0.34306569343065696
0.4298245614035088
0.46017699115044247
1.0
0.44339622641509435
0.4528301886792453
0.48739495798319327
0.39072847682119205
0.3442622950819672
1.0
1.0
0.8620689655172413
0.9156626506024096
0.9587628865979382
0.93
0.9876543209876543
0.9789473684210527
1.0
1.0
1.0
0.9795918367346939
0.8712871287128713
0.9775280898876404
0.5401459854014599
0.2676056338028169
0.2866666666666667
0.2589928057553957
0.2713178294573643
0.23943661971830985
0.5401459854014599
0.34306569343065696
0.3228346456692913
0.7211538461538461
0.26573426573426573
0.26174496644295303
0.35555555555555557
0.33076923076923076
0.35658914728682173
0.5495495495495496
0.4406779661016949
0.42748091603053434
0.3088235294117647
0.6481481481481481
0.2191780821917808
0.3937007874015748
0.328
0.3533834586466165
0.24242424242424243
0.328
0.3787878787878788
0.32867132867132864
0.3106060606060606
0.3893129770992366
0.2558139534883721
0.2922077922077922
0.5446428571428571
0.26666666666666666
0.22666666666666666
0.3032258064516129
0.44166666666666665
0.23972602739726026
0.5825242718446602
0.31543624161073824
0.30714285714285716
0.176056338028169
0.2076923076923077
0.2413793103448276
0.25196850393700787
0.5833333333333334
0.28125
0.3695652173913043
0.3284671532846715
0.2222222222222222
0.3014705882352941
0.2391304347826087
0.2421875
0.2937062937062937
0.24516129032258063
0.23076923076923078
0.2348993288590604
0.24812030075187969
0.23809523809523808
0.2706766917293233
0.2857142857142857
0.2534246575342466
0.23129251700680273
0.2
0.2642857142857143
0.24836601307189543
0.2620689655172414
0.24031007751937986
0.4274193548387097
0.27049180327868855
0.23129251700680273
0.21739130434782608
0.208
0.22962962962962963
0.2
0.30714285714285716
0.3671875
0.8058252427184466
0.9468085106382979
0.38636363636363635
0.5909090909090909
0.4
0.47107438016528924
0.2727272727272727
0.2214765100671141
0.2222222222222222
0.2773722627737226
0.25547445255474455
0.25190839694656486
0.2937062937062937
0.24516129032258063
0.23076923076923078
0.2348993288590604
0.24812030075187969
0.23809523809523808
0.2706766917293233
0.2857142857142857
0.23841059602649006
0.23178807947019867
0.2108843537414966
0.4536082474226804
0.4473684210526316
0.24390243902439024
0.36428571428571427
0.40310077519379844
0.25757575757575757
0.21710526315789475
0.17763157894736842
0.2482758620689655
0.4067796610169492
0.27941176470588236
0.29411764705882354
0.2482758620689655
0.2733812949640288
0.2112676056338028
0.26573426573426573
0.3949579831932773
0.2534246575342466
0.29914529914529914
0.17692307692307693
0.174496644295302
0.271523178807947
0.20394736842105263
0.3202614379084967
0.35507246376811596
0.27741935483870966
0.23255813953488372
0.27205882352941174
0.25547445255474455
0.25190839694656486
0.2937062937062937
0.24516129032258063
0.23076923076923078
0.2348993288590604
0.24812030075187969
0.23809523809523808
0.2706766917293233
0.2857142857142857
0.2534246575342466
0.23129251700680273
0.2108843537414966
1.0
0.9888888888888889
0.9782608695652174
0.9803921568627451
0.978021978021978
0.9787234042553191
1.0
1.0
0.989247311827957
0.99
0.9767441860465116
0.9791666666666666
0.9775280898876404
0.9888888888888889
0.32061068702290074
0.21678321678321677
0.3543307086614173
0.38181818181818183
0.4727272727272727
0.28368794326241137
0.3984375
0.43846153846153846
0.2808219178082192
0.45
0.3283582089552239
0.28859060402684567
0.3511450381679389
0.36134453781512604
0.35507246376811596
0.47863247863247865
0.32857142857142857
0.4
0.39705882352941174
0.30666666666666664
0.3357142857142857
0.5315315315315315
0.2518518518518518
0.36496350364963503
0.33098591549295775
0.29927007299270075
0.25
0.4645669291338583
0.4153846153846154
0.275
0.2692307692307692
0.17346938775510204
0.23943661971830985
0.23333333333333334
0.24369747899159663
0.24817518248175183
0.1889763779527559
0.16521739130434782
0.23026315789473684
0.22556390977443608
0.23529411764705882
0.27205882352941174
0.25547445255474455
0.2462686567164179
0.2827586206896552
0.25333333333333335
0.23076923076923078
0.2348993288590604
0.24812030075187969
0.23809523809523808
0.2706766917293233
0.2857142857142857
0.2465753424657534
0.23178807947019867
0.27906976744186046
0.9117647058823529
0.978494623655914
0.35251798561151076
0.3082191780821918
0.6875
0.6666666666666666
0.4198473282442748
0.4482758620689655
0.464
0.9888888888888889
0.30405405405405406
0.9777777777777777
0.9886363636363636
0.6388888888888888
0.5983606557377049
0.6605504587155964
0.3591549295774648
0.3805970149253731
0.3032258064516129
0.5210084033613446
0.7155963302752294
0.30344827586206896
0.4573643410852713
0.29577464788732394
0.7156862745098039
0.4296875
0.25757575757575757
0.34558823529411764
0.3333333333333333
0.34558823529411764
0.3333333333333333
0.15862068965517243
0.19047619047619047
0.20382165605095542
0.22556390977443608
0.17894736842105263
0.2517985611510791
0.22560975609756098
0.2789115646258503
0.23529411764705882
0.27205882352941174
0.25925925925925924
0.2462686567164179
0.2827586206896552
0.25333333333333335
0.23076923076923078
0.2348993288590604
0.24812030075187969
0.23809523809523808
0.2706766917293233
0.2857142857142857
0.2465753424657534
0.23178807947019867
0.4485294117647059
0.4628099173553719
0.2733812949640288
0.3028169014084507
0.32432432432432434
0.3609022556390977
0.4485294117647059
0.3357142857142857
0.30327868852459017
0.7475728155339806
0.9347826086956522
0.2689655172413793
0.4742268041237113
0.3161764705882353
0.24817518248175183
0.3
0.4690265486725664
0.3161764705882353
0.4188034188034188
0.5803571428571429
0.19480519480519481
0.425
0.3524590163934426
0.44537815126050423
0.25
0.319672131147541
0.37404580152671757
0.40601503759398494
0.423728813559322
0.3684210526315789
0.3333333333333333
0.2564102564102564
0.6666666666666666
0.2824427480916031
0.2896551724137931
0.26973684210526316
0.40310077519379844
0.30935251798561153
0.6632653061224489
0.24675324675324675
0.30656934306569344
0.19424460431654678
0.2185430463576159
0.28378378378378377
0.23255813953488372
0.6037735849056604
0.2517482517482518
0.4435483870967742
0.4
0.22727272727272727
0.42016806722689076
0.2624113475177305
0.2558139534883721
0.25
0.24025974025974026
0.22794117647058823
0.22435897435897437
0.24812030075187969
0.23809523809523808
0.2867647058823529
0.2463768115942029
0.23776223776223776
0.2361111111111111
0.19708029197080293
0.23529411764705882
0.24025974025974026
0.272108843537415
0.23622047244094488
0.4369747899159664
0.2903225806451613
0.22972972972972974
0.2903225806451613
0.21428571428571427
0.26229508196721313
0.32061068702290074
0.23972602739726026
0.41304347826086957
0.4453125
0.2465753424657534
0.41605839416058393
0.4108527131782946
0.4166666666666667
0.44166666666666665
0.24647887323943662
0.24666666666666667
0.22727272727272727
0.3870967741935484
0.25547445255474455
0.265625
0.25
0.24025974025974026
0.22794117647058823
0.22435897435897437
0.24812030075187969
0.23809523809523808
0.2867647058823529
0.2463768115942029
0.22
0.2328767123287671
0.19148936170212766
0.5
0.2972972972972973
0.225
0.267515923566879
0.33098591549295775
0.302158273381295
0.25517241379310346
0.21621621621621623
0.2251655629139073
0.4298245614035088
0.2635135135135135
0.384
0.33093525179856115
0.22916666666666666
0.23841059602649006
0.2534246575342466
0.43410852713178294
0.2323943661971831
0.24285714285714285
0.19230769230769232
0.18238993710691823
0.3333333333333333
0.2206896551724138
0.28859060402684567
0.26666666666666666
0.2611464968152866
0.20512820512820512
0.3821138211382114
0.25547445255474455
0.265625
0.25
0.24025974025974026
0.22794117647058823
0.22435897435897437
0.24812030075187969
0.23809523809523808
0.2867647058823529
0.2463768115942029
0.23776223776223776
0.2361111111111111
0.19148936170212766
0.2191780821917808
0.79
0.3984375
0.2345679012345679
0.45528455284552843
0.312
0.36220472440944884
0.2900763358778626
0.2887323943661972
0.23270440251572327
0.29285714285714287
0.30434782608695654
0.3643410852713178
0.5566037735849056
1.0
0.9782608695652174
0.9761904761904762
0.9855072463768116
1.0
0.9795918367346939
0.9885057471264368
0.9801980198019802
0.9803921568627451
0.9883720930232558
0.9888888888888889
0.9896907216494846
0.9875
0.9772727272727273
1.0
0.8571428571428571
0.9782608695652174
0.9886363636363636
0.989247311827957
0.9803921568627451
0.9893617021276596
0.978021978021978
0.9885057471264368
0.967391304347826
1.0
0.978494623655914
0.9787234042553191
0.9787234042553191
1.0
0.9245283018867925
0.7368421052631579
0.16296296296296298
0.2517985611510791
0.19594594594594594
0.23008849557522124
0.2647058823529412
0.1864406779661017
0.1889763779527559
0.25170068027210885
0.23484848484848486
0.21951219512195122
0.3821138211382114
0.25547445255474455
0.26515151515151514
0.25
0.24025974025974026
0.22794117647058823
0.22435897435897437
0.24812030075187969
0.23809523809523808
0.2867647058823529
0.2463768115942029
0.23076923076923078
0.2328767123287671
0.23880597014925373
0.3333333333333333
0.2482758620689655
0.36363636363636365
0.323943661971831
0.16993464052287582
0.24817518248175183
0.42857142857142855
0.4
0.2463768115942029
0.7254901960784313
0.2536231884057971
0.47107438016528924
0.3161764705882353
0.29365079365079366
0.3448275862068966
0.7450980392156863
0.42857142857142855
0.5378151260504201
0.2875816993464052
0.5535714285714286
0.373134328358209
0.2534246575342466
0.30344827586206896
0.40458015267175573
0.5178571428571429
0.4307692307692308
0.3305084745762712
0.4166666666666667
0.39849624060150374
0.4166666666666667
0.39849624060150374
0.15827338129496402
0.22058823529411764
0.2789115646258503
0.2108843537414966
0.16666666666666666
0.2740740740740741
0.23376623376623376
0.26618705035971224
0.21951219512195122
0.3821138211382114
0.25925925925925924
0.26515151515151514
0.25
0.24025974025974026
0.22794117647058823
0.22435897435897437
0.24812030075187969
0.23809523809523808
0.2867647058823529
0.2463768115942029
0.23076923076923078
0.2328767123287671
0.5285714285714286
0.2624113475177305
0.3380281690140845
0.25333333333333335
0.3
0.3308270676691729
0.5285714285714286
1.0
0.975
1.0
0.9777777777777777
0.979381443298969
0.9166666666666666
1.0
0.9761904761904762
1.0
0.9775280898876404
0.9591836734693877
0.408
0.5803571428571429
0.21232876712328766
0.36507936507936506
0.30708661417322836
0.6635514018691588
0.25735294117647056
0.33070866141732286
0.3787878787878788
0.45038167938931295
0.452991452991453
0.5128205128205128
0.28776978417266186
0.3684210526315789
0.5446428571428571
0.31007751937984496
0.25
0.323943661971831
0.43902439024390244
0.27611940298507465
0.5825242718446602
0.2789115646258503
0.32116788321167883
0.18705035971223022
0.2052980132450331
0.25517241379310346
0.23357664233576642
0.5504587155963303
0.2517482517482518
0.3333333333333333
0.29285714285714287
0.2558139534883721
0.37209302325581395
0.24
0.2595419847328244
0.2692307692307692
0.26174496644295303
0.2727272727272727
0.2709677419354839
0.2857142857142857
0.3157894736842105
0.3023255813953488
0.2803030303030303
0.2653061224489796
0.2647058823529412
0.21830985915492956
0.24647887323943662
0.26490066225165565
0.304635761589404
0.22137404580152673
0.2962962962962963
0.21212121212121213
0.22929936305732485
0.2074074074074074
0.20134228187919462
0.26229508196721313
0.19863013698630136
0.2535211267605634
0.2605633802816901
0.8058252427184466
0.9468085106382979
0.6410256410256411
0.5909090909090909
0.4690265486725664
0.392
0.2781954887218045
0.2702702702702703
0.2558139534883721
0.3235294117647059
0.248
0.25190839694656486
0.2692307692307692
0.26174496644295303
0.2727272727272727
0.2709677419354839
0.2857142857142857
0.3157894736842105
0.3023255813953488
0.2803030303030303
0.2671232876712329
0.25874125874125875
0.22695035460992907
0.3619047619047619
0.41025641025641024
0.226890756302521
0.27972027972027974
0.33098591549295775
0.30434782608695654
0.25517241379310346
0.21428571428571427
0.22818791946308725
0.5045045045045045
0.2746478873239437
0.39166666666666666
0.3488372093023256
0.23741007194244604
0.24087591240875914
0.2465753424657534
0.5321100917431193
0.25925925925925924
0.2706766917293233
0.18439716312056736
0.19727891156462585
0.3404255319148936
0.22297297297297297
0.28859060402684567
0.32167832167832167
0.391304347826087
0.2558139534883721
0.3283582089552239
0.248
0.25190839694656486
0.2692307692307692
0.26174496644295303
0.2727272727272727
0.2709677419354839
0.2857142857142857
0.3157894736842105
0.3023255813953488
0.2803030303030303
0.2653061224489796
0.2647058823529412
0.22695035460992907
0.22627737226277372
0.7378640776699029
0.34146341463414637
0.21794871794871795
0.23333333333333334
0.27586206896551724
0.3798449612403101
0.29365079365079366
0.366412213740458
0.30344827586206896
0.3014705882352941
0.5
0.47863247863247865
0.7422680412371134
0.2595419847328244
0.2446043165467626
0.32592592592592595
0.37719298245614036
0.4132231404958678
0.23703703703703705
0.2185430463576159
0.21333333333333335
0.3609022556390977
0.2158273381294964
0.4596774193548387
0.2746478873239437
0.3951612903225806
0.3253968253968254
0.32867132867132864
0.33587786259541985
0.3146853146853147
0.8404255319148937
0.7289719626168224
0.44696969696969696
0.3357142857142857
0.5
0.30973451327433627
0.35507246376811596
0.2283464566929134
0.36
0.2482758620689655
0.9175257731958762
0.7647058823529411
0.37681159420289856
0.3695652173913043
0.1888111888111888
0.265625
0.22377622377622378
0.2413793103448276
0.24489795918367346
0.20149253731343283
0.18181818181818182
0.25170068027210885
0.24285714285714285
0.3157894736842105
0.3283582089552239
0.248
0.2535211267605634
0.27692307692307694
0.26174496644295303
0.2727272727272727
0.2709677419354839
0.2857142857142857
0.3157894736842105
0.3023255813953488
0.2803030303030303
0.2638888888888889
0.25874125874125875
0.24305555555555555
0.9117647058823529
0.978494623655914
0.9313725490196079
0.6902654867256637
0.8627450980392157
0.9772727272727273
0.35294117647058826
0.4
0.17567567567567569
0.7184466019417476
0.225
0.35074626865671643
0.3208955223880597
0.3700787401574803
0.3087248322147651
0.9166666666666666
0.4634146341463415
0.5416666666666666
0.3223684210526316
0.35074626865671643
0.31386861313868614
0.38016528925619836
0.7522935779816514
0.3816793893129771
0.6132075471698113
0.6454545454545455
0.5306122448979592
0.3700787401574803
0.3188405797101449
0.3700787401574803
0.3188405797101449
0.17218543046357615
0.24444444444444444
0.2119205298013245
0.21138211382113822
0.19285714285714287
0.2903225806451613
0.2422360248447205
0.2465753424657534
0.3157894736842105
0.3283582089552239
0.25203252032520324
0.2535211267605634
0.27692307692307694
0.26174496644295303
0.2727272727272727
0.2709677419354839
0.2857142857142857
0.3157894736842105
0.3023255813953488
0.2803030303030303
0.2638888888888889
0.25874125874125875
0.3602941176470588
0.2602739726027397
0.2898550724637681
0.2887323943661972
0.31666666666666665
0.35384615384615387
0.3602941176470588
